0 0.674813172374
10 0.674939727204
20 0.721458322879
30 0.769783642328
40 0.811373764774
50 0.839356971839
60 0.85497754491
70 0.863876768478
80 0.869652084051
90 0.873087818697
100 0.875598086124
110 0.87697067924
120 0.878706199461
130 0.881420226083
140 0.882786130715
150 0.883165244375
160 0.884130587959
170 0.884578922421
180 0.88537265843
190 0.885971251907
200 0.886176232821
210 0.886565220929
220 0.887152209493
230 0.887745864538
240 0.888410596026
250 0.888675783856
260 0.889327399446
270 0.889677310356
280 0.889795224743
290 0.889762433772
300 0.89010989011
310 0.890596666954
320 0.890595176124
330 0.890866265376
340 0.891229918357
350 0.891417482579
360 0.891827136392
370 0.892270617637
380 0.89224409095
390 0.892585895118
400 0.893084622384
410 0.893628707433
420 0.893717132577
430 0.894761285529
440 0.895333583208
450 0.895352125955
460 0.895799599962
470 0.896428915199
480 0.897595639054
490 0.899418203333
500 0.900110099089
